// constants from runs (xtal0 to xtal53)
// 3295 3296 3297 3369 3300 3301 3302 3303 3368
// 3244 3245 3246 3247 3248 3249 3250 3251 3252 
// 3240 3239 3238 3237 3236 3235 3232 3234 3233 
// 3267 3266 3265 3263 3258 3257 3256 3254 3253 
// 3268 3272 3274 3275 3276 3277 3278 3281 3283 
// 3294 3293 3292 3289 3288 3287 3286 3285 3284 
// Assumes xtal25 and xtal34 = 0
BEGIN_PROLOG
fiber_offset_constants: {
  xtal0 : -0.077234
  xtal1 : 1.154580
  xtal2 : -0.101817
  xtal3 : -0.045814
  xtal4 : -0.095036
  xtal5 : 1.257990
  xtal6 : 0.017070
  xtal7 : 0.559426
  xtal8 : -0.048630
  xtal9 : -0.085510
  xtal10 : 0.555154
  xtal11 : -0.067812
  xtal12 : -0.184151
  xtal13 : 0.546461
  xtal14 : -0.264138
  xtal15 : -0.028764
  xtal16 : -0.148198
  xtal17 : 0.078047
  xtal18 : -0.117427
  xtal19 : -0.120063
  xtal20 : -0.182456
  xtal21 : -0.090567
  xtal22 : -0.283927
  xtal23 : -0.143074
  xtal24 : -0.112170
  xtal25 : 0.000000
  xtal26 : -0.015193
  xtal27 : -0.314284
  xtal28 : -0.406440
  xtal29 : -0.303151
  xtal30 : -0.290202
  xtal31 : 0.950579
  xtal32 : -0.225041
  xtal33 : 1.010400
  xtal34 : 0.000000
  xtal35 : 0.878194
  xtal36 : -0.459729
  xtal37 : 0.556812
  xtal38 : -0.435024
  xtal39 : 0.769990
  xtal40 : 0.909601
  xtal41 : -0.241671
  xtal42 : -0.189241
  xtal43 : -0.292112
  xtal44 : -0.149154
  xtal45 : 0.615174
  xtal46 : 0.553479
  xtal47 : -0.638643
  xtal48 : 0.716822
  xtal49 : 0.563875
  xtal50 : 0.705322
  xtal51 : -0.521451
  xtal52 : -0.295244
  xtal53 : -0.556870
}
END_PROLOG
