// constants from runs 1980 1981 1982 1983 1984 1985 1986 1987 
BEGIN_PROLOG
xtal_constants : {
  xtal0: 0.412412
  xtal1: 0.597081
  xtal2: 0.61566
  xtal3: 0.372635
  xtal4: 0.557081
  xtal5: 0.373409
  xtal6: 0.24087
  xtal7: 0.632594
  xtal8: 0.53524
  xtal9: 0.531784
  xtal10: 0.681779
  xtal11: 1.43067
  xtal12: 0.503969
  xtal13: 0.554303
  xtal14: 0.414751
  xtal15: 0.55432
  xtal16: 0.628447
  xtal17: 0.422039
  xtal18: 0.630387
  xtal19: 0.43183
  xtal20: 0.848121
  xtal21: 0.709052
  xtal22: 0.771717
  xtal23: 0.779139
  xtal24: 0.715268
  xtal25: 0.726955
  xtal26: 0.652913
  xtal27: 0.296722
  xtal28: 0.652364
  xtal29: 0.973257
  xtal30: 0.608109
  xtal31: 0.656183
  xtal32: 1.04652
  xtal33: 0.610782
  xtal34: 0.778538
  xtal35: 0.409211
  xtal36: 0.607329
  xtal37: 0.718426
  xtal38: 0.777883
  xtal39: 0.654599
  xtal40: 0.719407
  xtal41: 0.544653
  xtal42: 0.51844
  xtal43: 0.476464
  xtal44: 0.796052
  xtal45: 0.292811
  xtal46: 0.730701
  xtal47: 0.845885
  xtal48: 0.718485
  xtal49: 0.64209
  xtal50: 0.489718
  xtal51: 0.527329
  xtal52: 0.807465
  xtal53: 0.990903
}
END_PROLOG