// constants from runs 3416 3417 3418 3420 3421 3422 
BEGIN_PROLOG
xtal_constants : {
  xtal0: 0.224149
  xtal1: 0.214494
  xtal2: 0.210393
  xtal3: 0.241763
  xtal4: 0.258592
  xtal5: 0.199868
  xtal6: 0.226646
  xtal7: 0.225694
  xtal8: 0.231775
  xtal9: 0.221512
  xtal10: 0.252017
  xtal11: 0.215018
  xtal12: 0.218118
  xtal13: 0.222222
  xtal14: 0.265029
  xtal15: 0.22191
  xtal16: 0.220225
  xtal17: 0.215016
  xtal18: 0.239127
  xtal19: 0.232015
  xtal20: 0.24556
  xtal21: 0.239802
  xtal22: 0.228708
  xtal23: 0.212063
  xtal24: 0.233521
  xtal25: 0.220586
  xtal26: 0.217856
  xtal27: 0.211808
  xtal28: 0.232425
  xtal29: 0.232095
  xtal30: 0.228509
  xtal31: 0.219228
  xtal32: 0.225535
  xtal33: 0.232482
  xtal34: 0.228384
  xtal35: 0.236704
  xtal36: 0.218967
  xtal37: 0.228847
  xtal38: 0.218996
  xtal39: 0.228739
  xtal40: 0.222017
  xtal41: 0.227847
  xtal42: 0.223467
  xtal43: 0.244986
  xtal44: 0.241608
  xtal45: 0.219038
  xtal46: 0.226474
  xtal47: 0.218133
  xtal48: 0.23162
  xtal49: 0.232295
  xtal50: 0.240575
  xtal51: 0.219387
  xtal52: 0.231322
  xtal53: 0.235609
}
END_PROLOG