// constants from runs 2603 2604 2605 2606 2607 2608 2609 2610 
BEGIN_PROLOG
xtal_constants : {
  xtal0: 0.829557
  xtal1: 0.834423
  xtal2: 0.942184
  xtal3: 0.500518
  xtal4: 0.393526
  xtal5: 0.532039
  xtal6: 0.362043
  xtal7: 1.05
  xtal8: 1.17945
  xtal9: 0.305304
  xtal10: 1.55135
  xtal11: 1.27725
  xtal12: 0.792736
  xtal13: 0.578523
  xtal14: 0.227867
  xtal15: 0.289852
  xtal16: 1.28996
  xtal17: 0.390074
  xtal18: 1.30414
  xtal19: 0.752923
  xtal20: 0.470809
  xtal21: 0.492359
  xtal22: 0.959117
  xtal23: 0.893509
  xtal24: 1.08591
  xtal25: 1.22552
  xtal26: 0.937969
  xtal27: 0.378945
  xtal28: 1.1234
  xtal29: 1.18502
  xtal30: 0.623217
  xtal31: 0.870322
  xtal32: 0.735463
  xtal33: 0.309135
  xtal34: 0.857318
  xtal35: 0.615616
  xtal36: 1.36354
  xtal37: 1.29718
  xtal38: 1.11371
  xtal39: 0.452223
  xtal40: 1.13184
  xtal41: 0.863695
  xtal42: 1.3336
  xtal43: 1.41817
  xtal44: 0.386536
  xtal45: 0.392041
  xtal46: 0.418122
  xtal47: 0.516393
  xtal48: 0.372952
  xtal49: 1.23897
  xtal50: 0.701784
  xtal51: 1.11532
  xtal52: 1.36735
  xtal53: 0.647083
}
END_PROLOG