// constants from runs 2275 2276 2277 2278 2279 2280 2281 2282 
BEGIN_PROLOG
xtal_constants : {
  xtal0: 0.263104
  xtal1: 0.231877
  xtal2: 0.247718
  xtal3: 0.257113
  xtal4: 0.245157
  xtal5: 0.217273
  xtal6: 0.236354
  xtal7: 0.244069
  xtal8: 0.243345
  xtal9: 0.248323
  xtal10: 0.251862
  xtal11: 0.23767
  xtal12: 0.245945
  xtal13: 0.253829
  xtal14: 0.246053
  xtal15: 0.241063
  xtal16: 0.240168
  xtal17: 0.244649
  xtal18: 0.248485
  xtal19: 0.252543
  xtal20: 0.244395
  xtal21: 0.244079
  xtal22: 0.24267
  xtal23: 0.244964
  xtal24: 0.233876
  xtal25: 0.25168
  xtal26: 0.239504
  xtal27: 0.239597
  xtal28: 0.255123
  xtal29: 0.244403
  xtal30: 0.236644
  xtal31: 0.24738
  xtal32: 0.254902
  xtal33: 0.249022
  xtal34: 0.247801
  xtal35: 0.25078
  xtal36: 0.246259
  xtal37: 0.241693
  xtal38: 0.246003
  xtal39: 0.246102
  xtal40: 0.244134
  xtal41: 0.248157
  xtal42: 0.238098
  xtal43: 0.26718
  xtal44: 0.25225
  xtal45: 0.238642
  xtal46: 0.239883
  xtal47: 0.233298
  xtal48: 0.247098
  xtal49: 0.241118
  xtal50: 0.252899
  xtal51: 0.243996
  xtal52: 0.2502
  xtal53: 0.254591
}
END_PROLOG