// constants from runs 2100 2101 2102 
BEGIN_PROLOG
xtal_constants : {
  xtal0: 0.149245
  xtal1: 0.298714
  xtal2: 0.188515
  xtal3: 0.000832073
  xtal4: 0.236677
  xtal5: 0.177188
  xtal6: 0.187885
  xtal7: 0.59787
  xtal8: 0.207063
  xtal9: 0.143758
  xtal10: 0.246468
  xtal11: 0.65561
  xtal12: 0.251711
  xtal13: 0.389413
  xtal14: 0.198664
  xtal15: 0.227511
  xtal16: 0.437879
  xtal17: 0.00378338
  xtal18: 0.196728
  xtal19: 0.327192
  xtal20: 0.8738
  xtal21: 0.228999
  xtal22: 0.328793
  xtal23: 0.267109
  xtal24: 0.261596
  xtal25: 0.274457
  xtal26: 0.114313
  xtal27: 0.231119
  xtal28: 0.190231
  xtal29: 0.174807
  xtal30: 0.174352
  xtal31: 0.628163
  xtal32: 0.189122
  xtal33: 0.285216
  xtal34: 0.340498
  xtal35: -0.00765674
  xtal36: 0.193408
  xtal37: 0.153893
  xtal38: 0.23164
  xtal39: 0.310685
  xtal40: 0.323562
  xtal41: 0.186952
  xtal42: 0.302789
  xtal43: 0.185291
  xtal44: 0.179644
  xtal45: 0.180433
  xtal46: 0.198994
  xtal47: 0.150803
  xtal48: 0.136482
  xtal49: -0.0107035
  xtal50: 0.212492
  xtal51: 0.216398
  xtal52: 0.22042
  xtal53: 0.40019
}
END_PROLOG