// constants from runs 3514 3515 3516 3517 3518 3519 3520 3521 
BEGIN_PROLOG
xtal_constants : {
  xtal0: 0.233785
  xtal1: 0.22039
  xtal2: 0.220657
  xtal3: 0.233205
  xtal4: 0.231898
  xtal5: 0.200644
  xtal6: 0.224503
  xtal7: 0.217637
  xtal8: 0.219278
  xtal9: 0.219238
  xtal10: 0.226322
  xtal11: 0.222372
  xtal12: 0.212621
  xtal13: 0.229159
  xtal14: 0.257799
  xtal15: 0.215934
  xtal16: 0.216127
  xtal17: 0.207136
  xtal18: 0.22866
  xtal19: 0.218981
  xtal20: 0.231938
  xtal21: 0.224858
  xtal22: 0.220803
  xtal23: 0.216228
  xtal24: 0.201114
  xtal25: 0.220937
  xtal26: 0.211355
  xtal27: 0.22604
  xtal28: 0.230807
  xtal29: 0.236767
  xtal30: 0.225277
  xtal31: 0.223319
  xtal32: 0.23052
  xtal33: 0.21972
  xtal34: 0.228007
  xtal35: 0.223101
  xtal36: 0.223953
  xtal37: 0.211424
  xtal38: 0.213072
  xtal39: 0.229411
  xtal40: 0.230618
  xtal41: 0.217457
  xtal42: 0.216
  xtal43: 0.226814
  xtal44: 0.223639
  xtal45: 0.227832
  xtal46: 0.218482
  xtal47: 0.209752
  xtal48: 0.220869
  xtal49: 0.225049
  xtal50: 0.223471
  xtal51: 0.212949
  xtal52: 0.229093
  xtal53: 0.21651
}
END_PROLOG