// constants from runs 2199 2200 2201 2202 
BEGIN_PROLOG
xtal_constants : {
  xtal0: 0.270652
  xtal1: 0.260628
  xtal2: 0.261342
  xtal3: 0.291184
  xtal4: 0.317027
  xtal5: 0.211967
  xtal6: 0.255031
  xtal7: 0.333258
  xtal8: 0.230991
  xtal9: 0.222331
  xtal10: 0.275176
  xtal11: 0.319335
  xtal12: 0.24026
  xtal13: 0.311965
  xtal14: 0.274629
  xtal15: 0.292664
  xtal16: 0.265089
  xtal17: 0.298391
  xtal18: 0.30105
  xtal19: 0.269859
  xtal20: 0.253224
  xtal21: 0.311068
  xtal22: 0.281223
  xtal23: 0.318262
  xtal24: 0.249716
  xtal25: 0.27032
  xtal26: 0.273162
  xtal27: 0.35088
  xtal28: 0.285563
  xtal29: 0.247506
  xtal30: 0.291825
  xtal31: 0.326611
  xtal32: 0.47485
  xtal33: 0.246397
  xtal34: 0.261578
  xtal35: 0.253069
  xtal36: 0.265327
  xtal37: 0.291894
  xtal38: 0.260889
  xtal39: 0.243119
  xtal40: 0.249675
  xtal41: 0.345933
  xtal42: 0.260468
  xtal43: 0.286795
  xtal44: 0.27537
  xtal45: 0.285397
  xtal46: 0.226084
  xtal47: 0.265873
  xtal48: 0.275641
  xtal49: 0.235557
  xtal50: 0.252856
  xtal51: 0.234989
  xtal52: 0.277954
  xtal53: 0.274476
}
END_PROLOG