// constants from runs 3016 3017 3018 3019 3020 3021 3022 
BEGIN_PROLOG
xtal_constants : {
  xtal0: 0.23256
  xtal1: 0.226455
  xtal2: 0.21282
  xtal3: 0.23435
  xtal4: 0.232089
  xtal5: 0.195902
  xtal6: 0.218429
  xtal7: 0.220557
  xtal8: 0.225839
  xtal9: 0.221612
  xtal10: 0.235039
  xtal11: 0.217686
  xtal12: 0.216971
  xtal13: 0.230477
  xtal14: 0.259166
  xtal15: 0.224178
  xtal16: 0.219674
  xtal17: 0.226895
  xtal18: 0.22474
  xtal19: 0.230228
  xtal20: 0.228122
  xtal21: 0.225632
  xtal22: 0.227562
  xtal23: 0.217331
  xtal24: 0.212146
  xtal25: 0.230837
  xtal26: 0.216954
  xtal27: 0.228873
  xtal28: 0.245852
  xtal29: 0.227788
  xtal30: 0.229918
  xtal31: 0.223022
  xtal32: 0.235616
  xtal33: 0.226081
  xtal34: 0.223092
  xtal35: 0.220888
  xtal36: 0.219204
  xtal37: 0.217213
  xtal38: 0.2194
  xtal39: 0.227371
  xtal40: 0.221031
  xtal41: 0.211842
  xtal42: 0.221411
  xtal43: 0.236233
  xtal44: 0.220677
  xtal45: 0.218659
  xtal46: 0.229164
  xtal47: 0.21612
  xtal48: 0.221499
  xtal49: 0.221516
  xtal50: 0.229692
  xtal51: 0.224722
  xtal52: 0.224628
  xtal53: 0.224307
}
END_PROLOG