// constants from runs 1996 1997 1998 1999 2000 2001 2002 2003 
BEGIN_PROLOG
xtal_constants : {
  xtal0: 0.639407
  xtal1: 0.915909
  xtal2: 1.04884
  xtal3: 0.565338
  xtal4: 1.08278
  xtal5: 0.617936
  xtal6: 0.389713
  xtal7: 0.874969
  xtal8: 0.916772
  xtal9: 0.677196
  xtal10: 1.09596
  xtal11: 3.96279
  xtal12: 0.81493
  xtal13: 0.83435
  xtal14: 0.642457
  xtal15: 0.794112
  xtal16: 1.05984
  xtal17: 0.66953
  xtal18: 1.11278
  xtal19: 0.729054
  xtal20: 1.39632
  xtal21: 1.22907
  xtal22: 1.27852
  xtal23: 1.71353
  xtal24: 1.30815
  xtal25: 1.36981
  xtal26: 0.948292
  xtal27: 0.496735
  xtal28: 0.979609
  xtal29: 1.56781
  xtal30: 1.17573
  xtal31: 1.20769
  xtal32: 1.61277
  xtal33: 0.927463
  xtal34: 1.34848
  xtal35: 0.657229
  xtal36: 1.03672
  xtal37: 1.22493
  xtal38: 1.53354
  xtal39: 1.27752
  xtal40: 1.18877
  xtal41: 0.763306
  xtal42: 0.927926
  xtal43: 0.869184
  xtal44: 1.26841
  xtal45: 0.264567
  xtal46: 1.29218
  xtal47: 1.51827
  xtal48: 1.1596
  xtal49: 1.17344
  xtal50: 0.944756
  xtal51: 0.921292
  xtal52: 1.3891
  xtal53: 2.00688
}
END_PROLOG