// constants from runs 2687 2688 2689 2690 2691 2692 2693 2694 
BEGIN_PROLOG
xtal_constants : {
  xtal0: 1.52837
  xtal1: 1.56628
  xtal2: 1.54275
  xtal3: 0.539729
  xtal4: 0.419905
  xtal5: 0.646075
  xtal6: 0.353938
  xtal7: -1.17306
  xtal8: -10.7281
  xtal9: 0.294659
  xtal10: -1.85242
  xtal11: -1.14082
  xtal12: 1.55993
  xtal13: -0.836843
  xtal14: 0.180113
  xtal15: 0.278504
  xtal16: -3.00849
  xtal17: 0.401551
  xtal18: -2.53931
  xtal19: 1.18647
  xtal20: 0.490976
  xtal21: 0.526716
  xtal22: 2.0519
  xtal23: -1.04723
  xtal24: -7.33556
  xtal25: -6.49849
  xtal26: -1.23515
  xtal27: 0.372083
  xtal28: 4.38634
  xtal29: 1.7578
  xtal30: 0.76885
  xtal31: 2.04826
  xtal32: 1.32167
  xtal33: 0.299852
  xtal34: -1.25678
  xtal35: 0.82842
  xtal36: -1.15496
  xtal37: -3.10994
  xtal38: 5.4112
  xtal39: 0.522768
  xtal40: 11.6806
  xtal41: 1.69792
  xtal42: -1.50792
  xtal43: -2.16329
  xtal44: 0.389607
  xtal45: 0.388187
  xtal46: 0.451702
  xtal47: -0.727214
  xtal48: 0.367551
  xtal49: -3.86725
  xtal50: 0.828324
  xtal51: 9.81344
  xtal52: -2.19023
  xtal53: -0.969044
}
END_PROLOG