// constants from runs 3134 3135 3136 3137 3138 3139 3140 3141 
BEGIN_PROLOG
xtal_constants : {
  xtal0: 0.240445
  xtal1: 0.232101
  xtal2: 0.229365
  xtal3: 0.246375
  xtal4: 0.238554
  xtal5: 0.200066
  xtal6: 0.23037
  xtal7: 0.227768
  xtal8: 0.254554
  xtal9: 0.239443
  xtal10: 0.235482
  xtal11: 0.227022
  xtal12: 0.229662
  xtal13: 0.232933
  xtal14: 0.270855
  xtal15: 0.228371
  xtal16: 0.21512
  xtal17: 0.222718
  xtal18: 0.241411
  xtal19: 0.248934
  xtal20: 0.246777
  xtal21: 0.217164
  xtal22: 0.23828
  xtal23: 0.218842
  xtal24: 0.220613
  xtal25: 0.242402
  xtal26: 0.237263
  xtal27: 0.236218
  xtal28: 0.245463
  xtal29: 0.252057
  xtal30: 0.230113
  xtal31: 0.222513
  xtal32: 0.231491
  xtal33: 0.23637
  xtal34: 0.227515
  xtal35: 0.2266
  xtal36: 0.224334
  xtal37: 0.23114
  xtal38: 0.219709
  xtal39: 0.237481
  xtal40: 0.228198
  xtal41: 0.230893
  xtal42: 0.228457
  xtal43: 0.246057
  xtal44: 0.223958
  xtal45: 0.232697
  xtal46: 0.2237
  xtal47: 0.209224
  xtal48: 0.237103
  xtal49: 0.224035
  xtal50: 0.243265
  xtal51: 0.23248
  xtal52: 0.226473
  xtal53: 0.236451
}
END_PROLOG