// constants from runs 2703 2704 2705 2706 2707 2708 2709 2710 
BEGIN_PROLOG
xtal_constants : {
  xtal0: 0.430621
  xtal1: 0.425003
  xtal2: 0.438445
  xtal3: 0.44239
  xtal4: 0.41316
  xtal5: 0.366348
  xtal6: 0.396677
  xtal7: 0.46905
  xtal8: 0.439047
  xtal9: 0.398788
  xtal10: 0.463359
  xtal11: 0.564339
  xtal12: 0.398356
  xtal13: 0.499254
  xtal14: 0.49723
  xtal15: 0.410322
  xtal16: 0.452421
  xtal17: 0.417499
  xtal18: 0.469727
  xtal19: 0.42841
  xtal20: 0.490994
  xtal21: 0.471705
  xtal22: 0.458147
  xtal23: 0.515281
  xtal24: 0.539677
  xtal25: 0.483998
  xtal26: 0.473203
  xtal27: 0.425332
  xtal28: 0.454983
  xtal29: 0.498093
  xtal30: 0.463463
  xtal31: 0.492039
  xtal32: 0.554488
  xtal33: 0.41326
  xtal34: 0.515671
  xtal35: 0.407722
  xtal36: 0.448777
  xtal37: 0.435858
  xtal38: 0.448386
  xtal39: 0.429051
  xtal40: 0.457737
  xtal41: 0.428437
  xtal42: 0.438742
  xtal43: 0.454163
  xtal44: 0.43099
  xtal45: 0.409025
  xtal46: 0.430548
  xtal47: 0.506811
  xtal48: 0.44416
  xtal49: 0.468435
  xtal50: 0.432732
  xtal51: 0.445161
  xtal52: 0.46556
  xtal53: 0.610079
}
END_PROLOG