// constants from runs 2247 2248 2249 2250 2252 2253 2254 2255 
BEGIN_PROLOG
xtal_constants : {
  xtal0: 0.250653
  xtal1: 0.230632
  xtal2: 0.233474
  xtal3: 0.252595
  xtal4: 0.248422
  xtal5: 0.205827
  xtal6: 0.230968
  xtal7: 0.235955
  xtal8: 0.231198
  xtal9: 0.238504
  xtal10: 0.245012
  xtal11: 0.236277
  xtal12: 0.230128
  xtal13: 0.245932
  xtal14: 0.257086
  xtal15: 0.232844
  xtal16: 0.233183
  xtal17: 0.236122
  xtal18: 0.246449
  xtal19: 0.242643
  xtal20: 0.246626
  xtal21: 0.246091
  xtal22: 0.241582
  xtal23: 0.228347
  xtal24: 0.224496
  xtal25: 0.233324
  xtal26: 0.232849
  xtal27: 0.237001
  xtal28: 0.252623
  xtal29: 0.239394
  xtal30: 0.233967
  xtal31: 0.233596
  xtal32: 0.241541
  xtal33: 0.237236
  xtal34: 0.238852
  xtal35: 0.231685
  xtal36: 0.236025
  xtal37: 0.236441
  xtal38: 0.233561
  xtal39: 0.238819
  xtal40: 0.239821
  xtal41: 0.240883
  xtal42: 0.230125
  xtal43: 0.244434
  xtal44: 0.234937
  xtal45: 0.228195
  xtal46: 0.229621
  xtal47: 0.228004
  xtal48: 0.234311
  xtal49: 0.233427
  xtal50: 0.242595
  xtal51: 0.237686
  xtal52: 0.24423
  xtal53: 0.240691
}
END_PROLOG