// constants from runs 2004 2005 2006 2007 2008 2009 2010 2011 
BEGIN_PROLOG
xtal_constants : {
  xtal0: 0.68263
  xtal1: 0.886785
  xtal2: 1.11592
  xtal3: 0.539543
  xtal4: 1.04347
  xtal5: 0.622506
  xtal6: 0.370655
  xtal7: 0.908526
  xtal8: 0.939901
  xtal9: 0.75328
  xtal10: 1.06071
  xtal11: 3.16312
  xtal12: 0.936479
  xtal13: 0.89955
  xtal14: 0.780017
  xtal15: 0.765845
  xtal16: 1.08249
  xtal17: 0.65153
  xtal18: 1.14106
  xtal19: 0.639803
  xtal20: 1.50055
  xtal21: 1.27284
  xtal22: 1.20076
  xtal23: 1.40137
  xtal24: 1.26984
  xtal25: 1.2513
  xtal26: 1.02021
  xtal27: 0.542502
  xtal28: 1.13492
  xtal29: 1.52036
  xtal30: 1.14936
  xtal31: 1.14392
  xtal32: 1.46743
  xtal33: 0.946444
  xtal34: 1.36703
  xtal35: 0.634932
  xtal36: 1.04899
  xtal37: 1.15189
  xtal38: 1.50049
  xtal39: 1.19913
  xtal40: 1.31134
  xtal41: 0.788052
  xtal42: 0.967676
  xtal43: 0.816371
  xtal44: 1.33788
  xtal45: 0.262623
  xtal46: 1.28707
  xtal47: 1.34471
  xtal48: 1.1918
  xtal49: 1.21149
  xtal50: 0.857736
  xtal51: 0.917449
  xtal52: 1.3374
  xtal53: 2.41652
}
END_PROLOG