// constants from runs 2291 2292 2293 2294 2295 2296 2297 2298 
BEGIN_PROLOG
xtal_constants : {
  xtal0: 0.264815
  xtal1: 0.242623
  xtal2: 0.250602
  xtal3: 0.272106
  xtal4: 0.262363
  xtal5: 0.22284
  xtal6: 0.250149
  xtal7: 0.255375
  xtal8: 0.270742
  xtal9: 0.251343
  xtal10: 0.258788
  xtal11: 0.24946
  xtal12: 0.245056
  xtal13: 0.264543
  xtal14: 0.244667
  xtal15: 0.247509
  xtal16: 0.243885
  xtal17: 0.255647
  xtal18: 0.260116
  xtal19: 0.252379
  xtal20: 0.262985
  xtal21: 0.24968
  xtal22: 0.254627
  xtal23: 0.238825
  xtal24: 0.239648
  xtal25: 0.247974
  xtal26: 0.250778
  xtal27: 0.24583
  xtal28: 0.255691
  xtal29: 0.260889
  xtal30: 0.238075
  xtal31: 0.257035
  xtal32: 0.257035
  xtal33: 0.260621
  xtal34: 0.253203
  xtal35: 0.248956
  xtal36: 0.257328
  xtal37: 0.24673
  xtal38: 0.248754
  xtal39: 0.254263
  xtal40: 0.261525
  xtal41: 0.245994
  xtal42: 0.249572
  xtal43: 0.267971
  xtal44: 0.254542
  xtal45: 0.233036
  xtal46: 0.246898
  xtal47: 0.23468
  xtal48: 0.255084
  xtal49: 0.255849
  xtal50: 0.253957
  xtal51: 0.250676
  xtal52: 0.249268
  xtal53: 0.260095
}
END_PROLOG