// constants from runs 1451 1452 1453 1454 1455 1456 1457 1458 
BEGIN_PROLOG
xtal_constants : {
  xtal0: 0.232733
  xtal1: 0.241853
  xtal2: 0.319499
  xtal3: 0.222494
  xtal4: 0.21703
  xtal5: 0.216708
  xtal6: 0.258301
  xtal7: 0.206377
  xtal8: 0.236093
  xtal9: 0.235707
  xtal10: 0.232541
  xtal11: 0.252939
  xtal12: 0.261819
  xtal13: 0.224742
  xtal14: 0.243069
  xtal15: 0.209946
  xtal16: 0.27932
  xtal17: 0.274048
  xtal18: 0.226886
  xtal19: 0.238236
  xtal20: 0.259384
  xtal21: 0.224972
  xtal22: 0.261212
  xtal23: 0.224439
  xtal24: 0.274078
  xtal25: 0.253806
  xtal26: 0.308574
  xtal27: 0.217274
  xtal28: 0.262318
  xtal29: 0.231863
  xtal30: 0.241421
  xtal31: 0.25173
  xtal32: 0.240227
  xtal33: 0.223585
  xtal34: 0.278828
  xtal35: 0.264142
  xtal36: 0.231627
  xtal37: 0.24886
  xtal38: 0.227182
  xtal39: 0.289702
  xtal40: 0.216401
  xtal41: 0.239446
  xtal42: 0.241138
  xtal43: 0.265548
  xtal44: 0.238091
  xtal45: 0.236847
  xtal46: 0.286843
  xtal47: 0.25337
  xtal48: 0.255058
  xtal49: 0.270578
  xtal50: 0.284866
  xtal51: 0.251846
  xtal52: 0.224657
  xtal53: 0.24258
}
END_PROLOG