// constants from runs 2635 2636 2637 2638 2639 2640 2641 2642 
BEGIN_PROLOG
xtal_constants : {
  xtal0: 0.287017
  xtal1: 0.263107
  xtal2: 0.269994
  xtal3: 0.284699
  xtal4: 0.259182
  xtal5: 0.235172
  xtal6: 0.257036
  xtal7: 0.273825
  xtal8: 0.282589
  xtal9: 0.240542
  xtal10: 0.273691
  xtal11: 0.281401
  xtal12: 0.268956
  xtal13: 0.285047
  xtal14: 0.233717
  xtal15: 0.250021
  xtal16: 0.26796
  xtal17: 0.261138
  xtal18: 0.287329
  xtal19: 0.27726
  xtal20: 0.264484
  xtal21: 0.267368
  xtal22: 0.277702
  xtal23: 0.274212
  xtal24: 0.268877
  xtal25: 0.287964
  xtal26: 0.268837
  xtal27: 0.256847
  xtal28: 0.286272
  xtal29: 0.277668
  xtal30: 0.276119
  xtal31: 0.272134
  xtal32: 0.291055
  xtal33: 0.251236
  xtal34: 0.285718
  xtal35: 0.268455
  xtal36: 0.28873
  xtal37: 0.274049
  xtal38: 0.282429
  xtal39: 0.27199
  xtal40: 0.286381
  xtal41: 0.277159
  xtal42: 0.278676
  xtal43: 0.283562
  xtal44: 0.258836
  xtal45: 0.258173
  xtal46: 0.258184
  xtal47: 0.261635
  xtal48: 0.263064
  xtal49: 0.271206
  xtal50: 0.270317
  xtal51: 0.269606
  xtal52: 0.281319
  xtal53: 0.280054
}
END_PROLOG