// constants from runs 2828 2829 2830 2831 2832 2833 2834 2835 
BEGIN_PROLOG
xtal_constants : {
  xtal0: 0.246759
  xtal1: 0.230043
  xtal2: 0.232753
  xtal3: 0.252453
  xtal4: 0.242399
  xtal5: 0.219226
  xtal6: 0.230889
  xtal7: 0.239843
  xtal8: 0.238397
  xtal9: 0.221868
  xtal10: 0.247208
  xtal11: 0.235237
  xtal12: 0.230849
  xtal13: 0.250049
  xtal14: 0.253205
  xtal15: 0.229574
  xtal16: 0.235742
  xtal17: 0.234171
  xtal18: 0.243634
  xtal19: 0.239952
  xtal20: 0.248968
  xtal21: 0.236336
  xtal22: 0.245791
  xtal23: 0.236262
  xtal24: 0.230365
  xtal25: 0.250298
  xtal26: 0.239416
  xtal27: 0.243171
  xtal28: 0.247024
  xtal29: 0.249257
  xtal30: 0.239589
  xtal31: 0.233605
  xtal32: 0.246646
  xtal33: 0.230632
  xtal34: 0.242054
  xtal35: 0.235249
  xtal36: 0.244943
  xtal37: 0.236482
  xtal38: 0.235285
  xtal39: 0.239917
  xtal40: 0.243678
  xtal41: 0.239975
  xtal42: 0.236542
  xtal43: 0.252894
  xtal44: 0.236809
  xtal45: 0.233595
  xtal46: 0.234435
  xtal47: 0.23233
  xtal48: 0.239102
  xtal49: 0.234582
  xtal50: 0.243553
  xtal51: 0.236071
  xtal52: 0.239774
  xtal53: 0.244413
}
END_PROLOG