// constants from runs (xtal0 to xtal53)
// 3295 3296 3297 3369 3300 3301 3302 3303 3368 
// 3244 3245 3246 3247 3248 3249 3250 3251 3252 
// 3240 3239 3238 3237 3236 3235 3232 3234 3233 
// 3267 3266 3265 3263 3258 3257 3256 3254 3253 
// 3268 3272 3274 3275 3276 3277 3278 3281 3283 
// 3294 3293 3292 3289 3288 3287 3286 3285 3284 
BEGIN_PROLOG
xtal_energy_response: {
xtal0 : 2170.821837
xtal1 : 2128.991168
xtal2 : 2126.090566
xtal3 : 1940.964277
xtal4 : 2052.035288
xtal5 : 2102.170746
xtal6 : 2212.021631
xtal7 : 2068.221051
xtal8 : 2157.918817
xtal9 : 2334.807921
xtal10 : 1849.933849
xtal11 : 1932.484504
xtal12 : 1866.804807
xtal13 : 2029.443570
xtal14 : 1874.922152
xtal15 : 2431.335206
xtal16 : 2151.477716
xtal17 : 2459.985917
xtal18 : 2142.744588
xtal19 : 1992.881663
xtal20 : 2150.449464
xtal21 : 2017.415757
xtal22 : 2008.702757
xtal23 : 1889.163095
xtal24 : 2031.105395
xtal25 : 2349.024514
xtal26 : 2367.796819
xtal27 : 2171.422785
xtal28 : 2002.596647
xtal29 : 1810.177758
xtal30 : 2018.735935
xtal31 : 1997.921734
xtal32 : 1826.576313
xtal33 : 2016.705385
xtal34 : 2278.376592
xtal35 : 2249.381034
xtal36 : 1912.340043
xtal37 : 2080.321352
xtal38 : 2207.105099
xtal39 : 1931.693457
xtal40 : 1950.022790
xtal41 : 2324.312994
xtal42 : 1937.093743
xtal43 : 2068.342328
xtal44 : 2142.099038
xtal45 : 2165.866275
xtal46 : 1972.053295
xtal47 : 1733.137210
xtal48 : 2269.860729
xtal49 : 2117.357090
xtal50 : 2197.764274
xtal51 : 2095.907787
xtal52 : 2004.761282
xtal53 : 1775.473391
}
END_PROLOG
