// constants from runs 2711 2712 2713 2714 2715 2716 2717 2718 
BEGIN_PROLOG
xtal_constants : {
  xtal0: 0.487774
  xtal1: 0.47314
  xtal2: 0.496138
  xtal3: 0.533211
  xtal4: 0.498379
  xtal5: 0.432202
  xtal6: 0.481876
  xtal7: 0.493629
  xtal8: 0.454295
  xtal9: 0.497242
  xtal10: 0.518874
  xtal11: 0.654606
  xtal12: 0.472895
  xtal13: 0.491651
  xtal14: 0.599826
  xtal15: 0.507994
  xtal16: 0.506132
  xtal17: 0.492734
  xtal18: 0.538054
  xtal19: 0.479804
  xtal20: 0.635069
  xtal21: 0.584851
  xtal22: 0.526888
  xtal23: 0.569163
  xtal24: 0.576511
  xtal25: 0.58645
  xtal26: 0.513318
  xtal27: 0.504701
  xtal28: 0.573065
  xtal29: 0.599405
  xtal30: 0.550526
  xtal31: 0.532187
  xtal32: 0.65466
  xtal33: 0.509487
  xtal34: 0.539271
  xtal35: 0.459151
  xtal36: 0.497433
  xtal37: 0.511809
  xtal38: 0.56421
  xtal39: 0.535126
  xtal40: 0.549141
  xtal41: 0.494799
  xtal42: 0.446409
  xtal43: 0.479547
  xtal44: 0.550824
  xtal45: 0.202115
  xtal46: 0.558686
  xtal47: 0.505839
  xtal48: 0.584484
  xtal49: 0.509642
  xtal50: 0.47532
  xtal51: 0.509807
  xtal52: 0.569691
  xtal53: 0.710393
}
END_PROLOG