// constants from runs 2695 2696 2697 2698 2699 2700 2701 2702 
BEGIN_PROLOG
xtal_constants : {
  xtal0: 0.433411
  xtal1: 0.416732
  xtal2: 0.429294
  xtal3: 0.402918
  xtal4: 0.365035
  xtal5: 0.349962
  xtal6: 0.332959
  xtal7: 0.527301
  xtal8: 0.467049
  xtal9: 0.334821
  xtal10: 0.50655
  xtal11: 0.574782
  xtal12: 0.393158
  xtal13: 0.565795
  xtal14: 0.428953
  xtal15: 0.316562
  xtal16: 0.4481
  xtal17: 0.35813
  xtal18: 0.491013
  xtal19: 0.410981
  xtal20: 0.415023
  xtal21: 0.393704
  xtal22: 0.457533
  xtal23: 0.563384
  xtal24: 0.550218
  xtal25: 0.486031
  xtal26: 0.494446
  xtal27: 0.368588
  xtal28: 0.512023
  xtal29: 0.493465
  xtal30: 0.432256
  xtal31: 0.46812
  xtal32: 0.39352
  xtal33: 0.341725
  xtal34: 0.539784
  xtal35: 0.397294
  xtal36: 0.508384
  xtal37: 0.488654
  xtal38: 0.480091
  xtal39: 0.376406
  xtal40: 0.459808
  xtal41: 0.408204
  xtal42: 0.48482
  xtal43: 0.51735
  xtal44: 0.373251
  xtal45: 0.356932
  xtal46: 0.376334
  xtal47: 0.54312
  xtal48: 0.359784
  xtal49: 0.465091
  xtal50: 0.408977
  xtal51: 0.436854
  xtal52: 0.526607
  xtal53: 0.716615
}
END_PROLOG