// constants from runs 2595 2596 2597 2598 2599 2600 2601 2602 
BEGIN_PROLOG
xtal_constants : {
  xtal0: 0.285601
  xtal1: 0.265121
  xtal2: 0.265758
  xtal3: 0.272949
  xtal4: 0.257973
  xtal5: 0.234489
  xtal6: 0.255096
  xtal7: 0.269381
  xtal8: 0.271586
  xtal9: 0.252535
  xtal10: 0.276653
  xtal11: 0.278164
  xtal12: 0.273105
  xtal13: 0.279632
  xtal14: 0.225571
  xtal15: 0.249975
  xtal16: 0.269936
  xtal17: 0.255427
  xtal18: 0.283588
  xtal19: 0.277657
  xtal20: 0.264654
  xtal21: 0.272872
  xtal22: 0.281322
  xtal23: 0.270017
  xtal24: 0.261041
  xtal25: 0.287796
  xtal26: 0.27324
  xtal27: 0.259958
  xtal28: 0.28514
  xtal29: 0.26845
  xtal30: 0.270806
  xtal31: 0.276137
  xtal32: 0.277566
  xtal33: 0.249982
  xtal34: 0.283551
  xtal35: 0.274258
  xtal36: 0.280359
  xtal37: 0.274631
  xtal38: 0.270275
  xtal39: 0.276267
  xtal40: 0.281963
  xtal41: 0.267542
  xtal42: 0.274178
  xtal43: 0.295001
  xtal44: 0.255501
  xtal45: 0.256789
  xtal46: 0.253462
  xtal47: 0.254186
  xtal48: 0.255984
  xtal49: 0.271081
  xtal50: 0.277347
  xtal51: 0.268583
  xtal52: 0.284062
  xtal53: 0.276474
}
END_PROLOG