// constants from runs 2894 2895 2896 2897 2898 2899 2900 2901 
BEGIN_PROLOG
xtal_constants : {
  xtal0: 0.295983
  xtal1: 0.282982
  xtal2: 0.275253
  xtal3: 0.295016
  xtal4: 0.268142
  xtal5: 0.258521
  xtal6: 0.258001
  xtal7: 0.285786
  xtal8: 0.282866
  xtal9: 0.254582
  xtal10: 0.305947
  xtal11: 0.284777
  xtal12: 0.276032
  xtal13: 0.29478
  xtal14: 0.216398
  xtal15: 0.247148
  xtal16: 0.282611
  xtal17: 0.259103
  xtal18: 0.307219
  xtal19: 0.279782
  xtal20: 0.266749
  xtal21: 0.275265
  xtal22: 0.284694
  xtal23: 0.291967
  xtal24: 0.278038
  xtal25: 0.289337
  xtal26: 0.286977
  xtal27: 0.252152
  xtal28: 0.301324
  xtal29: 0.287189
  xtal30: 0.27903
  xtal31: 0.272901
  xtal32: 0.291835
  xtal33: 0.248364
  xtal34: 0.281587
  xtal35: 0.273898
  xtal36: 0.298789
  xtal37: 0.277962
  xtal38: 0.288641
  xtal39: 0.264238
  xtal40: 0.285483
  xtal41: 0.279934
  xtal42: 0.292495
  xtal43: 0.302599
  xtal44: 0.262204
  xtal45: 0.258869
  xtal46: 0.272213
  xtal47: 0.269329
  xtal48: 0.254933
  xtal49: 0.297166
  xtal50: 0.287489
  xtal51: 0.280578
  xtal52: 0.278307
  xtal53: 0.285434
}
END_PROLOG