// constants from runs 2364 2365 2366 2367 2368 2369 2370 2371 
BEGIN_PROLOG
xtal_constants : {
  xtal0: 1.23421
  xtal1: 1.3295
  xtal2: 1.55962
  xtal3: 0.519008
  xtal4: 0.423869
  xtal5: 0.587028
  xtal6: 0.360483
  xtal7: -1.10933
  xtal8: -8.37377
  xtal9: 0.296154
  xtal10: -1.41194
  xtal11: -1.05946
  xtal12: 1.14277
  xtal13: -0.617204
  xtal14: 0.18496
  xtal15: 0.289616
  xtal16: -2.69502
  xtal17: 0.398111
  xtal18: -4.7631
  xtal19: 1.03883
  xtal20: 0.491653
  xtal21: 0.522777
  xtal22: 1.47077
  xtal23: -0.966385
  xtal24: -3.67863
  xtal25: -20.0694
  xtal26: -0.892509
  xtal27: 0.374696
  xtal28: 3.71555
  xtal29: 1.96122
  xtal30: 0.836147
  xtal31: 1.57073
  xtal32: 1.44233
  xtal33: 0.299981
  xtal34: -1.00947
  xtal35: 0.70412
  xtal36: -1.14889
  xtal37: -3.71749
  xtal38: 3.99999
  xtal39: 0.486262
  xtal40: 19.2625
  xtal41: 1.62458
  xtal42: -3.21084
  xtal43: -1.89071
  xtal44: 0.398248
  xtal45: 0.383755
  xtal46: 0.445484
  xtal47: -0.654008
  xtal48: 0.386671
  xtal49: -6.28985
  xtal50: 0.874968
  xtal51: 10.0815
  xtal52: -1.69792
  xtal53: -0.985135
}
END_PROLOG