// constants from runs 2952 2953 2954 2955 2956 2957 2958 2959 
BEGIN_PROLOG
xtal_constants : {
  xtal0: 0.250043
  xtal1: 0.224001
  xtal2: 0.232554
  xtal3: 0.246903
  xtal4: 0.241973
  xtal5: 0.210914
  xtal6: 0.232691
  xtal7: 0.234398
  xtal8: 0.234498
  xtal9: 0.225811
  xtal10: 0.249003
  xtal11: 0.233084
  xtal12: 0.234504
  xtal13: 0.243162
  xtal14: 0.286561
  xtal15: 0.232452
  xtal16: 0.224575
  xtal17: 0.232385
  xtal18: 0.24484
  xtal19: 0.240948
  xtal20: 0.23986
  xtal21: 0.248675
  xtal22: 0.245989
  xtal23: 0.230812
  xtal24: 0.22993
  xtal25: 0.245374
  xtal26: 0.223189
  xtal27: 0.241967
  xtal28: 0.248886
  xtal29: 0.241277
  xtal30: 0.238087
  xtal31: 0.23372
  xtal32: 0.243922
  xtal33: 0.236384
  xtal34: 0.23118
  xtal35: 0.230838
  xtal36: 0.240175
  xtal37: 0.227158
  xtal38: 0.222552
  xtal39: 0.246266
  xtal40: 0.241028
  xtal41: 0.230017
  xtal42: 0.231012
  xtal43: 0.255768
  xtal44: 0.238288
  xtal45: 0.228874
  xtal46: 0.247991
  xtal47: 0.235266
  xtal48: 0.236912
  xtal49: 0.239351
  xtal50: 0.249882
  xtal51: 0.228375
  xtal52: 0.24155
  xtal53: 0.250024
}
END_PROLOG