// constants from runs 3308 3309 3310 3311 3312 3313 3314 3315 
BEGIN_PROLOG
xtal_constants : {
  xtal0: 0.247056
  xtal1: 0.233957
  xtal2: 0.232648
  xtal3: 0.247541
  xtal4: 0.243465
  xtal5: 0.213826
  xtal6: 0.232607
  xtal7: 0.241119
  xtal8: 0.242449
  xtal9: 0.232673
  xtal10: 0.241273
  xtal11: 0.228242
  xtal12: 0.23375
  xtal13: 0.243761
  xtal14: 0.26985
  xtal15: 0.228675
  xtal16: 0.235154
  xtal17: 0.240532
  xtal18: 0.237166
  xtal19: 0.245057
  xtal20: 0.240768
  xtal21: 0.24748
  xtal22: 0.246913
  xtal23: 0.225127
  xtal24: 0.222787
  xtal25: 0.233199
  xtal26: 0.235132
  xtal27: 0.237995
  xtal28: 0.248531
  xtal29: 0.244016
  xtal30: 0.239621
  xtal31: 0.221865
  xtal32: 0.24547
  xtal33: 0.231249
  xtal34: 0.232409
  xtal35: 0.233494
  xtal36: 0.233344
  xtal37: 0.232163
  xtal38: 0.23539
  xtal39: 0.23295
  xtal40: 0.245744
  xtal41: 0.233037
  xtal42: 0.229275
  xtal43: 0.253886
  xtal44: 0.238967
  xtal45: 0.228368
  xtal46: 0.228906
  xtal47: 0.229762
  xtal48: 0.231481
  xtal49: 0.227415
  xtal50: 0.240709
  xtal51: 0.239019
  xtal52: 0.236261
  xtal53: 0.24697
}
END_PROLOG