// constants from runs 2627 2628 2629 2630 2631 2632 2633 2634 
BEGIN_PROLOG
xtal_constants : {
  xtal0: 0.529978
  xtal1: 0.546596
  xtal2: 0.584216
  xtal3: 0.560583
  xtal4: 0.569544
  xtal5: 0.497243
  xtal6: 0.509216
  xtal7: 0.52708
  xtal8: 0.526796
  xtal9: 0.541504
  xtal10: 0.626129
  xtal11: 0.930865
  xtal12: 0.503192
  xtal13: 0.531498
  xtal14: 0.652552
  xtal15: 0.565782
  xtal16: 0.554263
  xtal17: 0.557497
  xtal18: 0.574019
  xtal19: 0.536063
  xtal20: 0.713133
  xtal21: 0.638327
  xtal22: 0.602658
  xtal23: 0.65598
  xtal24: 0.648194
  xtal25: 0.681767
  xtal26: 0.551316
  xtal27: 0.551318
  xtal28: 0.657931
  xtal29: 0.709495
  xtal30: 0.625921
  xtal31: 0.588941
  xtal32: 0.827085
  xtal33: 0.56169
  xtal34: 0.644598
  xtal35: 0.490834
  xtal36: 0.544712
  xtal37: 0.605393
  xtal38: 0.685845
  xtal39: 0.602559
  xtal40: 0.628436
  xtal41: 0.503773
  xtal42: 0.516804
  xtal43: 0.523698
  xtal44: 0.636828
  xtal45: 0.41538
  xtal46: 0.668737
  xtal47: 0.597263
  xtal48: 0.654818
  xtal49: 0.588059
  xtal50: 0.557844
  xtal51: 0.57241
  xtal52: 0.700352
  xtal53: 0.970421
}
END_PROLOG