// constants from runs 1811 1812 1813 1814 1815 1816 1817 1818 
BEGIN_PROLOG
xtal_constants : {
  xtal0: 0.24021
  xtal1: 0.232135
  xtal2: 0.256158
  xtal3: 0.215987
  xtal4: 0.221591
  xtal5: 0.218913
  xtal6: 0.242247
  xtal7: 0.228508
  xtal8: 0.231578
  xtal9: 0.273986
  xtal10: 0.266344
  xtal11: 0.277452
  xtal12: 0.271486
  xtal13: 0.245645
  xtal14: 0.27363
  xtal15: 0.264549
  xtal16: 0.28267
  xtal17: 0.269764
  xtal18: 0.286899
  xtal19: 0.25564
  xtal20: 0.28319
  xtal21: 0.22537
  xtal22: 0.236977
  xtal23: 0.248121
  xtal24: 0.296589
  xtal25: 0.263848
  xtal26: 0.284882
  xtal27: 0.248168
  xtal28: 0.228911
  xtal29: 0.242671
  xtal30: 0.243984
  xtal31: 0.286761
  xtal32: 0.255379
  xtal33: 0.253633
  xtal34: 0.280775
  xtal35: 0.261546
  xtal36: 0.294521
  xtal37: 0.255638
  xtal38: 0.279625
  xtal39: 0.236759
  xtal40: 0.203472
  xtal41: 0.276135
  xtal42: 0.272353
  xtal43: 0.292648
  xtal44: 0.280527
  xtal45: 0.247378
  xtal46: 0.273802
  xtal47: 0.246999
  xtal48: 0.213317
  xtal49: 0.28059
  xtal50: 0.267439
  xtal51: 0.264016
  xtal52: 0.270692
  xtal53: 0.247891
}
END_PROLOG