// constants from runs 2191 2192 2193 2194 2195 2196 2197 2198 
BEGIN_PROLOG
xtal_constants : {
  xtal0: 0.254158
  xtal1: 0.237061
  xtal2: 0.247656
  xtal3: 0.256169
  xtal4: 0.249045
  xtal5: 0.214957
  xtal6: 0.235765
  xtal7: 0.238334
  xtal8: 0.244696
  xtal9: 0.237996
  xtal10: 0.250352
  xtal11: 0.24705
  xtal12: 0.242983
  xtal13: 0.256737
  xtal14: 0.26566
  xtal15: 0.239304
  xtal16: 0.238129
  xtal17: 0.241937
  xtal18: 0.255473
  xtal19: 0.251718
  xtal20: 0.246849
  xtal21: 0.242445
  xtal22: 0.250539
  xtal23: 0.24217
  xtal24: 0.237705
  xtal25: 0.25472
  xtal26: 0.23943
  xtal27: 0.240529
  xtal28: 0.258675
  xtal29: 0.246831
  xtal30: 0.242447
  xtal31: 0.243199
  xtal32: 0.250567
  xtal33: 0.24357
  xtal34: 0.25774
  xtal35: 0.242284
  xtal36: 0.249123
  xtal37: 0.252301
  xtal38: 0.247385
  xtal39: 0.248839
  xtal40: 0.254322
  xtal41: 0.25142
  xtal42: 0.242289
  xtal43: 0.265701
  xtal44: 0.246145
  xtal45: 0.237988
  xtal46: 0.237243
  xtal47: 0.2373
  xtal48: 0.241345
  xtal49: 0.247184
  xtal50: 0.254558
  xtal51: 0.238059
  xtal52: 0.250298
  xtal53: 0.248803
}
END_PROLOG