// constants from runs 1988 1989 1990 1991 1992 1993 1994 1995 
BEGIN_PROLOG
xtal_constants : {
  xtal0: -0.377102
  xtal1: -0.591447
  xtal2: -0.501661
  xtal3: -0.421352
  xtal4: -1.25022
  xtal5: -0.385104
  xtal6: -2.10413
  xtal7: 1.29468
  xtal8: -0.829922
  xtal9: 0.900001
  xtal10: -4.63131
  xtal11: -2.35906
  xtal12: -0.475499
  xtal13: 0.653854
  xtal14: -6.34936
  xtal15: 0.696786
  xtal16: -3.1426
  xtal17: -1.27227
  xtal18: -1.41897
  xtal19: -0.444186
  xtal20: -1.26835
  xtal21: -0.999211
  xtal22: -0.661921
  xtal23: 1.28132
  xtal24: -1.43673
  xtal25: -1.39865
  xtal26: 1.42027
  xtal27: -1.6515
  xtal28: -0.633804
  xtal29: -0.757483
  xtal30: -0.569406
  xtal31: -0.704821
  xtal32: -0.784713
  xtal33: 1.24149
  xtal34: 1.20236
  xtal35: -0.404334
  xtal36: 1.61046
  xtal37: -1.1811
  xtal38: -0.783602
  xtal39: -1.23016
  xtal40: -0.657229
  xtal41: -0.446389
  xtal42: 2.49525
  xtal43: -48.9892
  xtal44: -2.76562
  xtal45: -1.33729
  xtal46: -1.40755
  xtal47: 1.02364
  xtal48: -5.2297
  xtal49: -0.99863
  xtal50: -0.432749
  xtal51: -0.589763
  xtal52: -1.58275
  xtal53: 1.5487
}
END_PROLOG