// constants from runs 1819 1820 1821 1822 1823 1824 1825 1826 
BEGIN_PROLOG
xtal_constants : {
  xtal0: 0.344259
  xtal1: 0.439555
  xtal2: 0.487096
  xtal3: 0.32995
  xtal4: 0.297795
  xtal5: 0.360358
  xtal6: 0.338449
  xtal7: 0.384845
  xtal8: 0.456848
  xtal9: 0.347226
  xtal10: 0.364187
  xtal11: 0.409802
  xtal12: 0.418498
  xtal13: 0.457875
  xtal14: 0.232974
  xtal15: 0.31116
  xtal16: 0.422945
  xtal17: 0.355371
  xtal18: 0.3954
  xtal19: 0.402791
  xtal20: 0.371992
  xtal21: 0.317941
  xtal22: 0.408023
  xtal23: 0.362121
  xtal24: 0.422503
  xtal25: 0.397312
  xtal26: 0.41211
  xtal27: 0.305715
  xtal28: 0.41601
  xtal29: 0.43616
  xtal30: 0.405626
  xtal31: 0.448212
  xtal32: 0.336723
  xtal33: 0.354931
  xtal34: 0.430947
  xtal35: 0.361507
  xtal36: 0.534892
  xtal37: 0.381121
  xtal38: 0.400772
  xtal39: 0.373979
  xtal40: 0.34884
  xtal41: 0.375385
  xtal42: 0.426532
  xtal43: 0.37601
  xtal44: 0.452436
  xtal45: 0.332256
  xtal46: 0.319765
  xtal47: 0.439741
  xtal48: 0.330915
  xtal49: 0.418563
  xtal50: 0.464396
  xtal51: 0.458982
  xtal52: 0.467901
  xtal53: 0.380932
}
END_PROLOG