// constants from runs 2820 2821 2822 2823 2824 2825 2826 2827 
BEGIN_PROLOG
xtal_constants : {
  xtal0: 0.25395
  xtal1: 0.231142
  xtal2: 0.237483
  xtal3: 0.248351
  xtal4: 0.240682
  xtal5: 0.211751
  xtal6: 0.235119
  xtal7: 0.23851
  xtal8: 0.240172
  xtal9: 0.229628
  xtal10: 0.248524
  xtal11: 0.232394
  xtal12: 0.237012
  xtal13: 0.24721
  xtal14: 0.262054
  xtal15: 0.237231
  xtal16: 0.233756
  xtal17: 0.241915
  xtal18: 0.248926
  xtal19: 0.246429
  xtal20: 0.247091
  xtal21: 0.241661
  xtal22: 0.246907
  xtal23: 0.230698
  xtal24: 0.232627
  xtal25: 0.24367
  xtal26: 0.234983
  xtal27: 0.23498
  xtal28: 0.249465
  xtal29: 0.246482
  xtal30: 0.235459
  xtal31: 0.240415
  xtal32: 0.245716
  xtal33: 0.233546
  xtal34: 0.243836
  xtal35: 0.233043
  xtal36: 0.244574
  xtal37: 0.240924
  xtal38: 0.236828
  xtal39: 0.236717
  xtal40: 0.240419
  xtal41: 0.23918
  xtal42: 0.23019
  xtal43: 0.246734
  xtal44: 0.238809
  xtal45: 0.22765
  xtal46: 0.233212
  xtal47: 0.226498
  xtal48: 0.231947
  xtal49: 0.236743
  xtal50: 0.249987
  xtal51: 0.23704
  xtal52: 0.239588
  xtal53: 0.243891
}
END_PROLOG