// constants from runs 2336 2337 2338 2339 2340 2341 2342 2343 
BEGIN_PROLOG
xtal_constants : {
  xtal0: 0.260361
  xtal1: 0.25021
  xtal2: 0.259926
  xtal3: 0.254466
  xtal4: 0.258122
  xtal5: 0.225058
  xtal6: 0.25154
  xtal7: 0.254058
  xtal8: 0.247995
  xtal9: 0.24477
  xtal10: 0.258141
  xtal11: 0.244903
  xtal12: 0.24047
  xtal13: 0.25513
  xtal14: 0.237446
  xtal15: 0.240228
  xtal16: 0.237098
  xtal17: 0.248921
  xtal18: 0.250713
  xtal19: 0.251722
  xtal20: 0.264221
  xtal21: 0.25428
  xtal22: 0.260346
  xtal23: 0.245027
  xtal24: 0.245804
  xtal25: 0.251097
  xtal26: 0.244481
  xtal27: 0.246634
  xtal28: 0.255399
  xtal29: 0.260283
  xtal30: 0.255446
  xtal31: 0.250855
  xtal32: 0.264432
  xtal33: 0.248251
  xtal34: 0.25434
  xtal35: 0.247048
  xtal36: 0.247546
  xtal37: 0.246135
  xtal38: 0.23966
  xtal39: 0.258062
  xtal40: 0.256971
  xtal41: 0.246871
  xtal42: 0.245204
  xtal43: 0.266978
  xtal44: 0.249429
  xtal45: 0.247551
  xtal46: 0.242308
  xtal47: 0.229364
  xtal48: 0.262473
  xtal49: 0.25573
  xtal50: 0.262477
  xtal51: 0.254701
  xtal52: 0.255472
  xtal53: 0.261831
}
END_PROLOG