// constants from runs 3025 3026 3027 3028 3029 3030 3031 3032 
BEGIN_PROLOG
xtal_constants : {
  xtal0: 0.216254
  xtal1: 0.22821
  xtal2: 0.226466
  xtal3: 0.222428
  xtal4: 0.239354
  xtal5: 0.207848
  xtal6: 0.226508
  xtal7: 0.222216
  xtal8: 0.229907
  xtal9: 0.208182
  xtal10: 0.233425
  xtal11: 0.223593
  xtal12: 0.211378
  xtal13: 0.238845
  xtal14: 0.253315
  xtal15: 0.22058
  xtal16: 0.22052
  xtal17: 0.219849
  xtal18: 0.220225
  xtal19: 0.228758
  xtal20: 0.235885
  xtal21: 0.221717
  xtal22: 0.236445
  xtal23: 0.224016
  xtal24: 0.219171
  xtal25: 0.229498
  xtal26: 0.223197
  xtal27: 0.218817
  xtal28: 0.237086
  xtal29: 0.236874
  xtal30: 0.218408
  xtal31: 0.222058
  xtal32: 0.234187
  xtal33: 0.227204
  xtal34: 0.235219
  xtal35: 0.22078
  xtal36: 0.218614
  xtal37: 0.221382
  xtal38: 0.226682
  xtal39: 0.21666
  xtal40: 0.230447
  xtal41: 0.226176
  xtal42: 0.21991
  xtal43: 0.239784
  xtal44: 0.221347
  xtal45: 0.219343
  xtal46: 0.224567
  xtal47: 0.204687
  xtal48: 0.216389
  xtal49: 0.221195
  xtal50: 0.233984
  xtal51: 0.225896
  xtal52: 0.228927
  xtal53: 0.230858
}
END_PROLOG