// constants from runs 2114 2115 2116 2117 2118 2119 2120 2121 
BEGIN_PROLOG
xtal_constants : {
  xtal0: 0.236397
  xtal1: 0.2539
  xtal2: 0.245464
  xtal3: 0.222704
  xtal4: 0.21656
  xtal5: 0.222869
  xtal6: 0.25071
  xtal7: 0.241659
  xtal8: 0.241098
  xtal9: 0.252054
  xtal10: 0.240255
  xtal11: 0.265873
  xtal12: 0.256038
  xtal13: 0.238157
  xtal14: 0.259169
  xtal15: 0.230736
  xtal16: 0.274152
  xtal17: 0.258092
  xtal18: 0.244583
  xtal19: 0.254147
  xtal20: 0.261175
  xtal21: 0.220912
  xtal22: 0.249594
  xtal23: 0.231572
  xtal24: 0.281289
  xtal25: 0.248617
  xtal26: 0.274358
  xtal27: 0.234949
  xtal28: 0.245252
  xtal29: 0.235499
  xtal30: 0.24967
  xtal31: 0.265823
  xtal32: 0.240232
  xtal33: 0.265738
  xtal34: 0.268968
  xtal35: 0.256548
  xtal36: 0.249444
  xtal37: 0.257001
  xtal38: 0.254818
  xtal39: 0.262988
  xtal40: 0.211973
  xtal41: 0.244306
  xtal42: 0.254741
  xtal43: 0.258273
  xtal44: 0.259283
  xtal45: 0.244743
  xtal46: 0.250856
  xtal47: 0.267555
  xtal48: 0.230616
  xtal49: 0.252078
  xtal50: 0.254732
  xtal51: 0.260251
  xtal52: 0.248898
  xtal53: 0.234072
}
END_PROLOG