// constants from runs 3389 3390 3391 3392 3393 3394 
BEGIN_PROLOG
xtal_constants : {
  xtal0: 0.466928
  xtal1: 0.296367
  xtal2: 0.300681
  xtal3: 0.260751
  xtal4: 0.288893
  xtal5: 0.708926
  xtal6: 0.76333
  xtal7: 0.546605
  xtal8: 0.566297
  xtal9: 0.360627
  xtal10: 0.313079
  xtal11: 0.573955
  xtal12: 0.260407
  xtal13: 0.284362
  xtal14: 0.603048
  xtal15: 1.9326
  xtal16: 0.605737
  xtal17: 0.731085
  xtal18: 0.32113
  xtal19: 0.335295
  xtal20: 0.444501
  xtal21: 0.307653
  xtal22: 0.273245
  xtal23: 0.564205
  xtal24: 0.754402
  xtal25: 0.739768
  xtal26: 0.987933
  xtal27: 0.708137
  xtal28: 0.257521
  xtal29: 0.247216
  xtal30: 0.306633
  xtal31: 0.273359
  xtal32: 1.65787
  xtal33: 0.77869
  xtal34: 1.16368
  xtal35: 0.440884
  xtal36: 0.24588
  xtal37: 0.322
  xtal38: 0.333735
  xtal39: 0.302959
  xtal40: 0.302246
  xtal41: 0.95036
  xtal42: 0.586486
  xtal43: 0.518153
  xtal44: 0.536116
  xtal45: 0.847734
  xtal46: 0.236932
  xtal47: 0.235567
  xtal48: 0.310404
  xtal49: 0.351948
  xtal50: 0.553673
  xtal51: 0.577415
  xtal52: 0.483908
  xtal53: 0.735223
}
END_PROLOG