// constants from runs 1972 1973 1974 1975 1976 1977 1978 1979 
BEGIN_PROLOG
xtal_constants : {
  xtal0: 0.38832
  xtal1: 0.565969
  xtal2: 0.703689
  xtal3: 0.357815
  xtal4: 0.525684
  xtal5: 0.400562
  xtal6: 0.246784
  xtal7: 0.620665
  xtal8: 0.584071
  xtal9: 0.400117
  xtal10: 0.688183
  xtal11: 1.57044
  xtal12: 0.518816
  xtal13: 0.675568
  xtal14: 0.388542
  xtal15: 0.420131
  xtal16: 0.66938
  xtal17: 0.392512
  xtal18: 0.680836
  xtal19: 0.437608
  xtal20: 0.836961
  xtal21: 0.665354
  xtal22: 0.651845
  xtal23: 0.874669
  xtal24: 0.848176
  xtal25: 0.733428
  xtal26: 0.769279
  xtal27: 0.264294
  xtal28: 0.805196
  xtal29: 0.918922
  xtal30: 0.719802
  xtal31: 0.848287
  xtal32: 0.999622
  xtal33: 0.522439
  xtal34: 0.732132
  xtal35: 0.4612
  xtal36: 0.742392
  xtal37: 0.692028
  xtal38: 0.836449
  xtal39: 0.675015
  xtal40: 0.75932
  xtal41: 0.539617
  xtal42: 0.617302
  xtal43: 0.577735
  xtal44: 0.724034
  xtal45: 0.287687
  xtal46: 0.645008
  xtal47: 0.850968
  xtal48: 0.651235
  xtal49: 0.761849
  xtal50: 0.504856
  xtal51: 0.577378
  xtal52: 0.851406
  xtal53: 1.09145
}
END_PROLOG