// constants from runs 3068 3069 3070 3071 3072 3073 3074 3075 
BEGIN_PROLOG
xtal_constants : {
  xtal0: 0.247389
  xtal1: 0.235812
  xtal2: 0.233468
  xtal3: 0.245538
  xtal4: 0.249467
  xtal5: 0.205299
  xtal6: 0.234465
  xtal7: 0.235694
  xtal8: 0.240567
  xtal9: 0.229239
  xtal10: 0.248751
  xtal11: 0.232349
  xtal12: 0.232183
  xtal13: 0.253402
  xtal14: 0.262973
  xtal15: 0.22658
  xtal16: 0.236227
  xtal17: 0.241312
  xtal18: 0.240957
  xtal19: 0.243328
  xtal20: 0.238019
  xtal21: 0.2439
  xtal22: 0.238333
  xtal23: 0.24452
  xtal24: 0.226259
  xtal25: 0.249916
  xtal26: 0.24162
  xtal27: 0.233714
  xtal28: 0.248266
  xtal29: 0.251772
  xtal30: 0.238543
  xtal31: 0.23783
  xtal32: 0.24302
  xtal33: 0.231591
  xtal34: 0.244518
  xtal35: 0.237895
  xtal36: 0.240676
  xtal37: 0.247594
  xtal38: 0.227186
  xtal39: 0.243496
  xtal40: 0.248052
  xtal41: 0.238946
  xtal42: 0.229132
  xtal43: 0.254291
  xtal44: 0.237251
  xtal45: 0.231044
  xtal46: 0.236278
  xtal47: 0.229022
  xtal48: 0.230796
  xtal49: 0.24321
  xtal50: 0.245592
  xtal51: 0.235619
  xtal52: 0.255246
  xtal53: 0.254959
}
END_PROLOG