// constants from runs 2084 2085 2086 2087 2088 2089 2090 2091 
BEGIN_PROLOG
xtal_constants : {
  xtal0: 0.236876
  xtal1: 0.245315
  xtal2: 0.234845
  xtal3: 0.0406417
  xtal4: 0.230979
  xtal5: 0.219233
  xtal6: 0.230588
  xtal7: 0.442206
  xtal8: 0.217537
  xtal9: 0.245452
  xtal10: 0.23768
  xtal11: 0.251474
  xtal12: 0.220022
  xtal13: 0.375405
  xtal14: 0.252667
  xtal15: 0.229131
  xtal16: 0.294882
  xtal17: 0.156626
  xtal18: 0.246526
  xtal19: 0.252625
  xtal20: 0.263506
  xtal21: 0.214221
  xtal22: 0.301694
  xtal23: 0.226365
  xtal24: 0.264851
  xtal25: 0.254092
  xtal26: 0.215788
  xtal27: 0.236534
  xtal28: 0.241313
  xtal29: 0.242189
  xtal30: 0.222134
  xtal31: 0.437271
  xtal32: 0.239804
  xtal33: 0.263643
  xtal34: 0.292992
  xtal35: 0.153357
  xtal36: 0.251928
  xtal37: 0.243671
  xtal38: 0.248271
  xtal39: 0.316502
  xtal40: 0.241578
  xtal41: 0.245073
  xtal42: 0.243678
  xtal43: 0.2136
  xtal44: 0.214496
  xtal45: 0.232396
  xtal46: 0.242919
  xtal47: 0.257578
  xtal48: 0.198451
  xtal49: 0.159032
  xtal50: 0.257734
  xtal51: 0.250381
  xtal52: 0.298337
  xtal53: 0.353458
}
END_PROLOG