// constants from runs 2309 2310 2311 2312 2313 2314 2315 2316 
BEGIN_PROLOG
xtal_constants : {
  xtal0: 0.271031
  xtal1: 0.256181
  xtal2: 0.264228
  xtal3: 0.2759
  xtal4: 0.257973
  xtal5: 0.235193
  xtal6: 0.255384
  xtal7: 0.261143
  xtal8: 0.268604
  xtal9: 0.241597
  xtal10: 0.267541
  xtal11: 0.266056
  xtal12: 0.26177
  xtal13: 0.274376
  xtal14: 0.229079
  xtal15: 0.262727
  xtal16: 0.258866
  xtal17: 0.255718
  xtal18: 0.267322
  xtal19: 0.260637
  xtal20: 0.267553
  xtal21: 0.261503
  xtal22: 0.250967
  xtal23: 0.257066
  xtal24: 0.252505
  xtal25: 0.265328
  xtal26: 0.252848
  xtal27: 0.254818
  xtal28: 0.271767
  xtal29: 0.251699
  xtal30: 0.256358
  xtal31: 0.267872
  xtal32: 0.272174
  xtal33: 0.260368
  xtal34: 0.270593
  xtal35: 0.248416
  xtal36: 0.259106
  xtal37: 0.258268
  xtal38: 0.257383
  xtal39: 0.28087
  xtal40: 0.265265
  xtal41: 0.259909
  xtal42: 0.261905
  xtal43: 0.273887
  xtal44: 0.260442
  xtal45: 0.24124
  xtal46: 0.261669
  xtal47: 0.244357
  xtal48: 0.258263
  xtal49: 0.259815
  xtal50: 0.270901
  xtal51: 0.265717
  xtal52: 0.264165
  xtal53: 0.270215
}
END_PROLOG