// constants from runs 3631 
BEGIN_PROLOG
xtal_constants : {
  xtal0: 0.251246
  xtal1: 0.244208
  xtal2: 0.242779
  xtal3: 0.25451
  xtal4: 0.244741
  xtal5: 0.236326
  xtal6: 0.244614
  xtal7: 0.243885
  xtal8: 0.242439
  xtal9: 0.244758
  xtal10: 0.248678
  xtal11: 0.240085
  xtal12: 0.243901
  xtal13: 0.249601
  xtal14: 0.260135
  xtal15: 0.245574
  xtal16: 0.241608
  xtal17: 0.245225
  xtal18: 0.249582
  xtal19: 0.248344
  xtal20: 0.245543
  xtal21: 0.245996
  xtal22: 0.243962
  xtal23: 0.240137
  xtal24: 0.240321
  xtal25: 0.24507
  xtal26: 0.242691
  xtal27: 0.250296
  xtal28: 0.245727
  xtal29: 0.245587
  xtal30: 0.245288
  xtal31: 0.243408
  xtal32: 0.244472
  xtal33: 0.242395
  xtal34: 0.243704
  xtal35: 0.242646
  xtal36: 0.248867
  xtal37: 0.243195
  xtal38: 0.24182
  xtal39: 0.247255
  xtal40: 0.245693
  xtal41: 0.245085
  xtal42: 0.242606
  xtal43: 0.246387
  xtal44: 0.243684
  xtal45: 0.252019
  xtal46: 0.243609
  xtal47: 0.241244
  xtal48: 0.245444
  xtal49: 0.2432
  xtal50: 0.243534
  xtal51: 0.243862
  xtal52: 0.24338
  xtal53: 0.244624
}
END_PROLOG