// constants from runs 2924 2925 2926 2927 2928 2929 2930 2931 
BEGIN_PROLOG
xtal_constants : {
  xtal0: 0.293563
  xtal1: 0.284817
  xtal2: 0.284644
  xtal3: 0.287685
  xtal4: 0.274588
  xtal5: 0.25089
  xtal6: 0.264041
  xtal7: 0.289307
  xtal8: 0.294118
  xtal9: 0.254964
  xtal10: 0.300931
  xtal11: 0.312945
  xtal12: 0.278098
  xtal13: 0.296091
  xtal14: 0.23733
  xtal15: 0.257761
  xtal16: 0.282558
  xtal17: 0.261311
  xtal18: 0.285335
  xtal19: 0.288332
  xtal20: 0.278258
  xtal21: 0.282641
  xtal22: 0.288694
  xtal23: 0.286797
  xtal24: 0.273683
  xtal25: 0.295862
  xtal26: 0.275528
  xtal27: 0.269275
  xtal28: 0.307925
  xtal29: 0.286527
  xtal30: 0.271793
  xtal31: 0.284899
  xtal32: 0.305493
  xtal33: 0.255931
  xtal34: 0.291617
  xtal35: 0.265756
  xtal36: 0.288444
  xtal37: 0.28088
  xtal38: 0.281827
  xtal39: 0.278841
  xtal40: 0.286074
  xtal41: 0.279313
  xtal42: 0.283455
  xtal43: 0.304177
  xtal44: 0.270448
  xtal45: 0.259309
  xtal46: 0.25711
  xtal47: 0.26158
  xtal48: 0.264762
  xtal49: 0.283335
  xtal50: 0.282278
  xtal51: 0.277312
  xtal52: 0.294532
  xtal53: 0.291104
}
END_PROLOG