// constants from runs 2373 2374 2375 2376 2378 2379 2380 2381 
BEGIN_PROLOG
xtal_constants : {
  xtal0: 0.229848
  xtal1: 0.210984
  xtal2: 0.218964
  xtal3: 0.230144
  xtal4: 0.216274
  xtal5: 0.199199
  xtal6: 0.210611
  xtal7: 0.21992
  xtal8: 0.225456
  xtal9: 0.206232
  xtal10: 0.230833
  xtal11: 0.209938
  xtal12: 0.21562
  xtal13: 0.222932
  xtal14: 0.258564
  xtal15: 0.218039
  xtal16: 0.211361
  xtal17: 0.218558
  xtal18: 0.217637
  xtal19: 0.217625
  xtal20: 0.233452
  xtal21: 0.227387
  xtal22: 0.226468
  xtal23: 0.208736
  xtal24: 0.208463
  xtal25: 0.225164
  xtal26: 0.217165
  xtal27: 0.216974
  xtal28: 0.23022
  xtal29: 0.219798
  xtal30: 0.220695
  xtal31: 0.212798
  xtal32: 0.221207
  xtal33: 0.215049
  xtal34: 0.218495
  xtal35: 0.210233
  xtal36: 0.214501
  xtal37: 0.210919
  xtal38: 0.212668
  xtal39: 0.221002
  xtal40: 0.227215
  xtal41: 0.214023
  xtal42: 0.212131
  xtal43: 0.229623
  xtal44: 0.218115
  xtal45: 0.212851
  xtal46: 0.217925
  xtal47: 0.208549
  xtal48: 0.216443
  xtal49: 0.211548
  xtal50: 0.218133
  xtal51: 0.212286
  xtal52: 0.223036
  xtal53: 0.217982
}
END_PROLOG