// constants from runs 2933 2934 2936 2937 2938 2939 2940 2941 
BEGIN_PROLOG
xtal_constants : {
  xtal0: 0.275046
  xtal1: 0.244204
  xtal2: 0.243179
  xtal3: 0.274514
  xtal4: 0.24687
  xtal5: 0.221182
  xtal6: 0.246351
  xtal7: 0.250899
  xtal8: 0.252553
  xtal9: 0.252435
  xtal10: 0.264263
  xtal11: 0.262542
  xtal12: 0.244368
  xtal13: 0.265794
  xtal14: 0.270204
  xtal15: 0.251313
  xtal16: 0.249379
  xtal17: 0.243967
  xtal18: 0.254397
  xtal19: 0.250448
  xtal20: 0.254431
  xtal21: 0.256462
  xtal22: 0.270441
  xtal23: 0.250328
  xtal24: 0.256672
  xtal25: 0.261559
  xtal26: 0.259003
  xtal27: 0.24943
  xtal28: 0.243504
  xtal29: 0.26258
  xtal30: 0.249263
  xtal31: 0.262718
  xtal32: 0.260465
  xtal33: 0.243377
  xtal34: 0.262694
  xtal35: 0.248545
  xtal36: 0.261471
  xtal37: 0.250637
  xtal38: 0.240518
  xtal39: 0.260614
  xtal40: 0.266193
  xtal41: 0.25445
  xtal42: 0.250882
  xtal43: 0.267186
  xtal44: 0.247382
  xtal45: 0.24312
  xtal46: 0.250035
  xtal47: 0.234879
  xtal48: 0.245637
  xtal49: 0.254713
  xtal50: 0.261925
  xtal51: 0.247489
  xtal52: 0.257982
  xtal53: 0.266811
}
END_PROLOG