// constants from runs 2133 2134 2135 2136 2137 2138 2139 2140 
BEGIN_PROLOG
xtal_constants : {
  xtal0: 0.270764
  xtal1: 0.258919
  xtal2: 0.264984
  xtal3: 0.274184
  xtal4: 0.26254
  xtal5: 0.222328
  xtal6: 0.251274
  xtal7: 0.262432
  xtal8: 0.276699
  xtal9: 0.24099
  xtal10: 0.26866
  xtal11: 0.258835
  xtal12: 0.26067
  xtal13: 0.270028
  xtal14: 0.249783
  xtal15: 0.24139
  xtal16: 0.253384
  xtal17: 0.247949
  xtal18: 0.267742
  xtal19: 0.261173
  xtal20: 0.253056
  xtal21: 0.262048
  xtal22: 0.268917
  xtal23: 0.251246
  xtal24: 0.254831
  xtal25: 0.26569
  xtal26: 0.256884
  xtal27: 0.246979
  xtal28: 0.268026
  xtal29: 0.262124
  xtal30: 0.27228
  xtal31: 0.250447
  xtal32: 0.269267
  xtal33: 0.255361
  xtal34: 0.263624
  xtal35: 0.246686
  xtal36: 0.2629
  xtal37: 0.272098
  xtal38: 0.251427
  xtal39: 0.275771
  xtal40: 0.265824
  xtal41: 0.257738
  xtal42: 0.258002
  xtal43: 0.262935
  xtal44: 0.25309
  xtal45: 0.248542
  xtal46: 0.255982
  xtal47: 0.243251
  xtal48: 0.251334
  xtal49: 0.270331
  xtal50: 0.25185
  xtal51: 0.254068
  xtal52: 0.259709
  xtal53: 0.271089
}
END_PROLOG