// constants from runs 2643 2644 2645 2646 2647 2648 2649 2650 
BEGIN_PROLOG
xtal_constants : {
  xtal0: 0.996807
  xtal1: 0.863027
  xtal2: 0.988146
  xtal3: 0.526813
  xtal4: 0.413671
  xtal5: 0.56047
  xtal6: 0.369186
  xtal7: 1.36955
  xtal8: 1.78893
  xtal9: 0.305797
  xtal10: 1.96182
  xtal11: 1.77639
  xtal12: 0.920072
  xtal13: 0.600618
  xtal14: 0.218026
  xtal15: 0.300505
  xtal16: 2.50556
  xtal17: 0.410283
  xtal18: 2.19894
  xtal19: 0.842253
  xtal20: 0.477994
  xtal21: 0.490709
  xtal22: 1.11786
  xtal23: 1.03227
  xtal24: 1.71574
  xtal25: 1.80307
  xtal26: 1.17605
  xtal27: 0.39403
  xtal28: 1.35649
  xtal29: 1.16595
  xtal30: 0.733227
  xtal31: 1.0554
  xtal32: 0.833664
  xtal33: 0.323881
  xtal34: 1.13402
  xtal35: 0.670011
  xtal36: 2.04068
  xtal37: 1.9521
  xtal38: 1.60035
  xtal39: 0.47595
  xtal40: 1.69525
  xtal41: 1.04392
  xtal42: 1.87639
  xtal43: 2.36609
  xtal44: 0.391099
  xtal45: 0.390594
  xtal46: 0.450112
  xtal47: 0.541085
  xtal48: 0.362987
  xtal49: 1.47148
  xtal50: 0.76325
  xtal51: 1.22223
  xtal52: 2.1612
  xtal53: 0.771006
}
END_PROLOG