// constants from runs 2651 2652 2653 2654 2655 2656 2657 2658 
BEGIN_PROLOG
xtal_constants : {
  xtal0: 0.416684
  xtal1: 0.410653
  xtal2: 0.412953
  xtal3: 0.403663
  xtal4: 0.381634
  xtal5: 0.358477
  xtal6: 0.368024
  xtal7: 0.509699
  xtal8: 0.432729
  xtal9: 0.361027
  xtal10: 0.470656
  xtal11: 0.514071
  xtal12: 0.39725
  xtal13: 0.534245
  xtal14: 0.459174
  xtal15: 0.337246
  xtal16: 0.4493
  xtal17: 0.373343
  xtal18: 0.451817
  xtal19: 0.409746
  xtal20: 0.434238
  xtal21: 0.406974
  xtal22: 0.452641
  xtal23: 0.5633
  xtal24: 0.498613
  xtal25: 0.468107
  xtal26: 0.476945
  xtal27: 0.38133
  xtal28: 0.471006
  xtal29: 0.46257
  xtal30: 0.447109
  xtal31: 0.43354
  xtal32: 0.561348
  xtal33: 0.36253
  xtal34: 0.510526
  xtal35: 0.382692
  xtal36: 0.482498
  xtal37: 0.445358
  xtal38: 0.455102
  xtal39: 0.417042
  xtal40: 0.460247
  xtal41: 0.409911
  xtal42: 0.466911
  xtal43: 0.469513
  xtal44: 0.392553
  xtal45: 0.390963
  xtal46: 0.39608
  xtal47: 0.517822
  xtal48: 0.388928
  xtal49: 0.43056
  xtal50: 0.409446
  xtal51: 0.436525
  xtal52: 0.453109
  xtal53: 0.667752
}
END_PROLOG