// constants from runs 2383 2384 2385 2386 2387 2388 2389 2390 
BEGIN_PROLOG
xtal_constants : {
  xtal0: 0.423979
  xtal1: 0.395045
  xtal2: 0.425674
  xtal3: 0.400018
  xtal4: 0.35655
  xtal5: 0.352234
  xtal6: 0.344698
  xtal7: 0.671147
  xtal8: 0.424913
  xtal9: 0.345257
  xtal10: 0.52118
  xtal11: 0.619618
  xtal12: 0.393652
  xtal13: 0.638304
  xtal14: 0.435231
  xtal15: 0.320468
  xtal16: 0.491131
  xtal17: 0.358072
  xtal18: 0.464449
  xtal19: 0.41398
  xtal20: 0.418438
  xtal21: 0.396543
  xtal22: 0.442622
  xtal23: 0.686479
  xtal24: 0.544965
  xtal25: 0.487777
  xtal26: 0.546598
  xtal27: 0.371525
  xtal28: 0.48855
  xtal29: 0.483273
  xtal30: 0.421802
  xtal31: 0.447726
  xtal32: 0.458328
  xtal33: 0.346423
  xtal34: 0.58218
  xtal35: 0.394477
  xtal36: 0.498865
  xtal37: 0.455985
  xtal38: 0.47787
  xtal39: 0.368261
  xtal40: 0.475511
  xtal41: 0.390057
  xtal42: 0.506614
  xtal43: 0.529686
  xtal44: 0.353931
  xtal45: 0.36923
  xtal46: 0.37614
  xtal47: 0.66938
  xtal48: 0.367024
  xtal49: 0.461865
  xtal50: 0.391494
  xtal51: 0.445518
  xtal52: 0.514068
  xtal53: 0.879504
}
END_PROLOG