// constants from runs 3205 3206 3207 3208 3209 3210 3213 3214 
BEGIN_PROLOG
xtal_constants : {
  xtal0: 0.248115
  xtal1: 0.234815
  xtal2: 0.235048
  xtal3: 0.248237
  xtal4: 0.249008
  xtal5: 0.211137
  xtal6: 0.23855
  xtal7: 0.228539
  xtal8: 0.23592
  xtal9: 0.230345
  xtal10: 0.249358
  xtal11: 0.236924
  xtal12: 0.225255
  xtal13: 0.244702
  xtal14: 0.248119
  xtal15: 0.240975
  xtal16: 0.229787
  xtal17: 0.230874
  xtal18: 0.242889
  xtal19: 0.246744
  xtal20: 0.24407
  xtal21: 0.236898
  xtal22: 0.24912
  xtal23: 0.23946
  xtal24: 0.232016
  xtal25: 0.239145
  xtal26: 0.24127
  xtal27: 0.238833
  xtal28: 0.247473
  xtal29: 0.251425
  xtal30: 0.237153
  xtal31: 0.233951
  xtal32: 0.246567
  xtal33: 0.229934
  xtal34: 0.235976
  xtal35: 0.225854
  xtal36: 0.243745
  xtal37: 0.240439
  xtal38: 0.233423
  xtal39: 0.245406
  xtal40: 0.246755
  xtal41: 0.234522
  xtal42: 0.239611
  xtal43: 0.250462
  xtal44: 0.237242
  xtal45: 0.229497
  xtal46: 0.240733
  xtal47: 0.231483
  xtal48: 0.240147
  xtal49: 0.235656
  xtal50: 0.249725
  xtal51: 0.243571
  xtal52: 0.248019
  xtal53: 0.237883
}
END_PROLOG