// constants from runs 2392 2393 2394 2395 2396 2397 2398 2399 
BEGIN_PROLOG
xtal_constants : {
  xtal0: 0.200326
  xtal1: 0.190048
  xtal2: 0.191012
  xtal3: 0.204105
  xtal4: 0.199492
  xtal5: 0.181169
  xtal6: 0.18784
  xtal7: 0.195555
  xtal8: 0.189409
  xtal9: 0.18989
  xtal10: 0.200667
  xtal11: 0.181457
  xtal12: 0.186397
  xtal13: 0.204059
  xtal14: 0.232355
  xtal15: 0.190594
  xtal16: 0.190546
  xtal17: 0.193469
  xtal18: 0.199427
  xtal19: 0.2016
  xtal20: 0.201956
  xtal21: 0.200345
  xtal22: 0.200366
  xtal23: 0.185967
  xtal24: 0.187832
  xtal25: 0.207137
  xtal26: 0.19208
  xtal27: 0.192813
  xtal28: 0.207919
  xtal29: 0.204012
  xtal30: 0.197313
  xtal31: 0.201112
  xtal32: 0.197889
  xtal33: 0.194077
  xtal34: 0.198978
  xtal35: 0.19607
  xtal36: 0.192255
  xtal37: 0.186711
  xtal38: 0.193136
  xtal39: 0.206288
  xtal40: 0.201449
  xtal41: 0.194014
  xtal42: 0.192783
  xtal43: 0.202142
  xtal44: 0.192181
  xtal45: 0.191151
  xtal46: 0.187756
  xtal47: 0.187232
  xtal48: 0.191965
  xtal49: 0.195203
  xtal50: 0.201334
  xtal51: 0.196614
  xtal52: 0.194917
  xtal53: 0.198273
}
END_PROLOG