// constants from runs 1788 1789 1790 1791 1792 1793 1794 1795 
BEGIN_PROLOG
xtal_constants : {
  xtal0: 0.275658
  xtal1: 0.266248
  xtal2: 0.254465
  xtal3: 0.244774
  xtal4: 0.251553
  xtal5: 0.258831
  xtal6: 0.276009
  xtal7: 0.228322
  xtal8: 0.265159
  xtal9: 0.252386
  xtal10: 0.290112
  xtal11: 0.281806
  xtal12: 0.27364
  xtal13: 0.244613
  xtal14: 0.270882
  xtal15: 0.238024
  xtal16: 0.287685
  xtal17: 0.269862
  xtal18: 0.248087
  xtal19: 0.264042
  xtal20: 0.279099
  xtal21: 0.260408
  xtal22: 0.257732
  xtal23: 0.237481
  xtal24: 0.290825
  xtal25: 0.291052
  xtal26: 0.285783
  xtal27: 0.22953
  xtal28: 0.238535
  xtal29: 0.245634
  xtal30: 0.264859
  xtal31: 0.289779
  xtal32: 0.260278
  xtal33: 0.269198
  xtal34: 0.275528
  xtal35: 0.273129
  xtal36: 0.243148
  xtal37: 0.31037
  xtal38: 0.269812
  xtal39: 0.270656
  xtal40: 0.213221
  xtal41: 0.246435
  xtal42: 0.274474
  xtal43: 0.29053
  xtal44: 0.274706
  xtal45: 0.253686
  xtal46: 0.267761
  xtal47: 0.312678
  xtal48: 0.233018
  xtal49: 0.2524
  xtal50: 0.271402
  xtal51: 0.248965
  xtal52: 0.289022
  xtal53: 0.245155
}
END_PROLOG