// constants from runs 2355 2356 2357 2358 2359 2360 2361 2362 
BEGIN_PROLOG
xtal_constants : {
  xtal0: 0.247932
  xtal1: 0.231007
  xtal2: 0.229976
  xtal3: 0.25262
  xtal4: 0.248654
  xtal5: 0.208097
  xtal6: 0.231522
  xtal7: 0.226131
  xtal8: 0.236681
  xtal9: 0.226521
  xtal10: 0.243102
  xtal11: 0.2335
  xtal12: 0.222827
  xtal13: 0.244634
  xtal14: 0.257205
  xtal15: 0.231324
  xtal16: 0.234692
  xtal17: 0.237876
  xtal18: 0.247157
  xtal19: 0.239631
  xtal20: 0.248526
  xtal21: 0.240817
  xtal22: 0.244302
  xtal23: 0.234081
  xtal24: 0.222579
  xtal25: 0.252951
  xtal26: 0.236593
  xtal27: 0.244147
  xtal28: 0.248354
  xtal29: 0.251688
  xtal30: 0.239823
  xtal31: 0.231305
  xtal32: 0.244773
  xtal33: 0.239584
  xtal34: 0.262299
  xtal35: 0.233145
  xtal36: 0.240362
  xtal37: 0.236927
  xtal38: 0.239386
  xtal39: 0.246469
  xtal40: 0.248343
  xtal41: 0.239052
  xtal42: 0.238161
  xtal43: 0.257471
  xtal44: 0.240712
  xtal45: 0.226468
  xtal46: 0.229607
  xtal47: 0.235378
  xtal48: 0.238758
  xtal49: 0.229918
  xtal50: 0.259018
  xtal51: 0.249562
  xtal52: 0.246746
  xtal53: 0.24677
}
END_PROLOG