// constants from runs 2619 2620 2621 2622 2623 2624 2625 2626 
BEGIN_PROLOG
xtal_constants : {
  xtal0: 0.318563
  xtal1: 0.276348
  xtal2: 0.281657
  xtal3: 0.266084
  xtal4: 0.2676
  xtal5: 0.214033
  xtal6: 0.25501
  xtal7: 0.286044
  xtal8: 0.272261
  xtal9: 0.250066
  xtal10: 0.293463
  xtal11: 0.359079
  xtal12: 0.265149
  xtal13: 0.291423
  xtal14: 0.314935
  xtal15: 0.331959
  xtal16: 0.244517
  xtal17: 0.274176
  xtal18: 0.268365
  xtal19: 0.254841
  xtal20: 0.281825
  xtal21: 0.300134
  xtal22: 0.258415
  xtal23: 0.298695
  xtal24: 0.302391
  xtal25: 0.30029
  xtal26: 0.288072
  xtal27: 0.286725
  xtal28: 0.273608
  xtal29: 0.271693
  xtal30: 0.310472
  xtal31: 0.308412
  xtal32: 0.28435
  xtal33: 0.260884
  xtal34: 0.270764
  xtal35: 0.278938
  xtal36: 0.295979
  xtal37: 0.265262
  xtal38: 0.280362
  xtal39: 0.298675
  xtal40: 0.308239
  xtal41: 0.258804
  xtal42: 0.287645
  xtal43: 0.282997
  xtal44: 0.247968
  xtal45: 0.293371
  xtal46: 0.25296
  xtal47: 0.257712
  xtal48: 0.266603
  xtal49: 0.266102
  xtal50: 0.274471
  xtal51: 0.281358
  xtal52: 0.299404
  xtal53: 0.344852
}
END_PROLOG