// constants from runs 1751 1752 1753 1754 1755 1756 1757 1758 
BEGIN_PROLOG
xtal_constants : {
  xtal0: 0.340609
  xtal1: 0.330716
  xtal2: 0.216343
  xtal3: 0.284008
  xtal4: 0.262492
  xtal5: 0.228537
  xtal6: 0.241291
  xtal7: 0.26438
  xtal8: 0.284832
  xtal9: 0.269399
  xtal10: 0.274157
  xtal11: 0.274106
  xtal12: 0.239149
  xtal13: 0.261185
  xtal14: 0.311068
  xtal15: 0.205171
  xtal16: 0.281135
  xtal17: 0.291134
  xtal18: 0.276146
  xtal19: 0.229193
  xtal20: 0.251146
  xtal21: 0.310839
  xtal22: 0.263398
  xtal23: 0.23765
  xtal24: 0.247669
  xtal25: 0.252831
  xtal26: 0.269491
  xtal27: 0.250362
  xtal28: 0.332805
  xtal29: 0.230512
  xtal30: 0.215344
  xtal31: 0.290641
  xtal32: 0.268136
  xtal33: 0.302405
  xtal34: 0.246745
  xtal35: 0.313405
  xtal36: 0.239572
  xtal37: 0.318819
  xtal38: 0.23969
  xtal39: 0.293543
  xtal40: 0.217409
  xtal41: 0.33314
  xtal42: 0.251655
  xtal43: 0.326293
  xtal44: 0.264921
  xtal45: 0.283117
  xtal46: 0.248467
  xtal47: 0.254689
  xtal48: 0.243772
  xtal49: 0.320488
  xtal50: 0.272638
  xtal51: 0.280432
  xtal52: 0.234027
  xtal53: 0.26403
}
END_PROLOG