// constants from runs 2611 2612 2613 2614 2615 2616 2617 2618 
BEGIN_PROLOG
xtal_constants : {
  xtal0: 0.424503
  xtal1: 0.417553
  xtal2: 0.402254
  xtal3: 0.429061
  xtal4: 0.378235
  xtal5: 0.355874
  xtal6: 0.378155
  xtal7: 0.514204
  xtal8: 0.431947
  xtal9: 0.361585
  xtal10: 0.455584
  xtal11: 0.506667
  xtal12: 0.402356
  xtal13: 0.524601
  xtal14: 0.460508
  xtal15: 0.341144
  xtal16: 0.444655
  xtal17: 0.383393
  xtal18: 0.451315
  xtal19: 0.409066
  xtal20: 0.430841
  xtal21: 0.408614
  xtal22: 0.464038
  xtal23: 0.537651
  xtal24: 0.496805
  xtal25: 0.458848
  xtal26: 0.466106
  xtal27: 0.384124
  xtal28: 0.478699
  xtal29: 0.47371
  xtal30: 0.445579
  xtal31: 0.44371
  xtal32: 0.56119
  xtal33: 0.361376
  xtal34: 0.505645
  xtal35: 0.391648
  xtal36: 0.465897
  xtal37: 0.435378
  xtal38: 0.458922
  xtal39: 0.395781
  xtal40: 0.439598
  xtal41: 0.414669
  xtal42: 0.442296
  xtal43: 0.487182
  xtal44: 0.385839
  xtal45: 0.39462
  xtal46: 0.398271
  xtal47: 0.502813
  xtal48: 0.389337
  xtal49: 0.422309
  xtal50: 0.410925
  xtal51: 0.440372
  xtal52: 0.472727
  xtal53: 0.624001
}
END_PROLOG