// constants from runs 3049 3050 3051 3052 3053 3054 3055 3056 
BEGIN_PROLOG
xtal_constants : {
  xtal0: 0.248495
  xtal1: 0.239881
  xtal2: 0.23115
  xtal3: 0.247449
  xtal4: 0.243999
  xtal5: 0.205105
  xtal6: 0.231958
  xtal7: 0.240552
  xtal8: 0.236362
  xtal9: 0.225452
  xtal10: 0.238706
  xtal11: 0.233918
  xtal12: 0.221957
  xtal13: 0.251769
  xtal14: 0.259187
  xtal15: 0.237069
  xtal16: 0.227537
  xtal17: 0.232486
  xtal18: 0.251216
  xtal19: 0.237218
  xtal20: 0.237272
  xtal21: 0.239433
  xtal22: 0.242156
  xtal23: 0.234878
  xtal24: 0.232363
  xtal25: 0.25778
  xtal26: 0.243316
  xtal27: 0.232983
  xtal28: 0.250103
  xtal29: 0.245412
  xtal30: 0.233304
  xtal31: 0.23818
  xtal32: 0.248728
  xtal33: 0.23592
  xtal34: 0.245799
  xtal35: 0.235996
  xtal36: 0.242366
  xtal37: 0.227201
  xtal38: 0.238269
  xtal39: 0.230959
  xtal40: 0.244705
  xtal41: 0.240855
  xtal42: 0.22228
  xtal43: 0.252562
  xtal44: 0.231108
  xtal45: 0.231348
  xtal46: 0.228962
  xtal47: 0.230536
  xtal48: 0.237124
  xtal49: 0.234566
  xtal50: 0.240465
  xtal51: 0.237545
  xtal52: 0.243329
  xtal53: 0.245356
}
END_PROLOG